this is the index: 11
top of function 1 1 1 1
before 2095.227165189849 1.0641890415916069 1070640371.3940042 1 3.3550217961842673e-06 0.0002962646404188005 

after updateseries 1 1 1 1
after 2095.227165189849 1.0641890415916069 1070640371.3940042 1 3.3550217961842673e-06 0.0002962646404188005 

before 2095.227165189849 1.0641890415916069 1070640371.3940042 1 3.3550217961842673e-06 0.0002962646404188005 

after 2095.227165189849 1.0641890415916069 1070640371.3940042 1 3.3550217961842673e-06 0.0002962646404188005 

before 2095.227165189849 1.0641890415916069 1070640371.3940042 1 3.3550217961842673e-06 0.0002962646404188005 

before 2095.227165189849 1.0641890415916069 1070640371.3940042 1 3.3550217961842673e-06 0.0002962646404188005 

after 2095.227165189849 1.0641890415916069 1070640371.3940042 1 3.3550217961842673e-06 0.0002962646404188005
this is the index: 12